80
0 70 95 17 55 98 52 45 27 87 89 32 94 85 35 28 7 38 28 68 76 8 48 75 84 95 73 59 90 5 100 86 44 77 12 76 94 26 18 0 100 61 37 64 99 41 100 61 24 67 39 95 21 20 15 68 26 34 98 22 8 9 23 29 67 100 32 70 87 71 84 58 18 89 3 45 41 77 69 80
32 0 44 17 82 26 81 7 55 87 74 79 41 13 53 63 59 63 7 30 10 57 51 88 38 2 77 70 94 33 45 55 71 42 38 52 50 69 19 91 16 32 15 50 100 9 94 58 95 88 74 14 51 61 31 79 74 6 13 70 72 70 44 65 33 80 95 12 81 67 49 64 21 80 34 23 90 32 69 66
53 12 0 54 63 74 42 80 86 55 0 24 17 18 86 73 20 45 47 10 45 6 64 95 36 78 87 25 41 73 21 88 42 74 2 36 93 84 40 41 64 6 75 91 20 57 84 44 56 52 82 75 66 87 93 31 22 58 45 64 14 8 4 24 66 57 66 58 30 2 8 6 68 4 43 22 75 83 59 27
37 51 5 0 59 24 18 36 65 76 30 47 67 53 18 65 25 68 58 43 14 38 87 65 31 61 53 61 10 98 100 31 44 55 26 40 57 97 32 86 80 44 62 84 11 43 91 22 97 48 30 41 28 83 52 41 9 69 18 17 64 73 16 67 21 97 0 75 23 85 58 12 46 12 96 1 67 12 27 97
94 96 5 78 0 22 89 9 29 16 4 26 6 58 25 48 100 25 16 52 30 88 68 95 7 56 22 28 36 27 17 53 49 1 67 10 51 68 74 56 75 15 39 48 60 38 57 43 6 32 91 78 12 4 99 95 60 88 80 43 83 48 54 85 67 25 65 75 10 62 22 17 0 8 68 46 14 5 81 39
91 23 43 84 22 0 80 16 34 33 74 77 31 92 23 81 26 9 98 11 22 75 100 25 3 87 96 22 54 100 83 78 34 80 87 37 84 83 71 86 3 80 6 85 47 78 87 87 63 11 41 81 73 95 51 100 37 7 9 37 98 77 95 93 72 75 24 81 18 41 24 29 13 57 18 51 52 83 56 58
0 27 29 32 14 94 0 48 15 17 83 60 41 85 64 18 93 35 45 58 62 84 4 19 89 82 91 53 41 24 8 96 46 71 83 74 33 13 26 9 53 78 19 75 0 99 40 76 30 43 69 44 26 89 31 57 27 70 25 100 100 90 17 94 96 3 65 99 99 5 62 23 22 84 53 55 84 58 36 10
3 30 17 51 47 21 87 0 60 25 62 71 63 42 89 45 43 88 36 1 32 17 73 32 82 1 45 56 46 59 54 52 89 79 40 70 93 97 62 98 6 9 48 97 16 67 11 7 37 35 37 50 95 47 58 14 88 98 55 4 85 13 11 49 47 21 87 83 59 62 74 39 31 96 46 4 89 30 44 94
56 84 89 94 41 48 58 22 0 95 61 84 80 53 37 90 67 25 29 56 98 12 15 51 68 57 38 55 46 67 56 33 43 58 88 92 56 43 15 55 50 79 75 39 2 27 87 90 15 28 31 65 24 1 45 76 43 94 71 4 45 43 94 2 76 75 59 25 77 50 3 14 44 73 44 57 69 19 27 2
50 71 87 27 68 96 49 94 47 0 66 43 85 74 80 57 84 100 12 15 24 7 17 52 92 100 22 35 16 27 9 3 94 54 86 53 0 69 87 80 62 79 78 93 49 41 93 55 84 86 88 32 45 82 73 26 26 87 46 27 17 92 70 7 72 64 17 19 96 89 81 32 45 24 91 5 65 60 39 29
11 90 69 96 0 99 56 83 84 18 0 95 76 9 75 58 53 7 100 65 95 75 37 30 24 6 41 2 24 94 70 15 10 52 67 7 93 18 55 10 26 93 88 52 79 95 39 34 11 27 37 71 14 53 11 16 41 48 4 78 64 85 99 29 71 88 68 21 13 38 82 70 66 30 41 34 10 69 21 18
66 85 46 28 100 11 13 79 46 43 56 0 41 14 95 51 12 50 87 25 87 24 92 19 80 80 91 64 4 81 43 50 39 69 91 54 11 48 75 4 23 61 29 77 17 39 82 16 76 29 21 44 99 49 75 42 22 26 27 86 45 89 64 76 46 92 38 21 15 73 53 37 43 44 13 26 48 66 31 37
72 66 55 67 8 98 96 64 18 3 89 37 0 75 0 83 72 4 61 88 68 34 88 94 30 79 50 13 76 41 33 61 100 78 90 39 84 60 95 32 57 38 80 77 8 18 37 60 83 95 48 57 4 28 46 21 1 95 92 80 84 22 61 40 61 7 13 10 40 100 61 58 15 65 68 89 75 18 26 7
6 85 10 44 33 68 7 22 80 7 69 68 43 0 47 24 2 94 3 6 9 83 94 72 1 38 14 19 94 61 7 60 58 93 43 5 61 82 8 84 91 96 69 13 88 46 40 55 56 55 48 36 64 17 23 78 10 68 36 76 3 28 5 34 1 78 34 30 73 49 62 58 4 73 20 42 73 46 83 45
2 58 76 2 65 89 1 34 42 40 43 66 81 46 0 69 2 18 15 20 77 89 24 83 17 30 44 87 4 38 53 77 19 88 26 86 83 89 18 20 35 61 48 66 30 60 51 21 40 44 2 40 23 4 45 18 17 12 11 52 65 19 20 72 5 78 8 49 22 25 56 3 11 28 84 39 75 36 11 72
0 61 43 0 72 58 56 46 20 34 85 87 96 2 40 0 70 82 27 47 54 30 12 97 93 83 7 73 28 91 43 63 51 25 65 10 63 61 3 76 56 85 15 97 25 60 61 21 86 21 0 27 95 68 48 0 35 56 44 36 70 72 4 64 17 1 39 46 21 38 32 94 42 94 65 94 23 24 2 9
58 29 98 96 30 90 11 82 30 12 60 60 27 60 68 18 0 47 39 76 39 11 97 46 43 30 52 78 74 29 16 25 74 41 59 74 34 28 20 93 21 31 2 26 27 22 23 34 37 68 26 85 88 85 24 63 72 30 83 45 96 40 14 65 22 94 27 40 80 97 66 54 35 37 76 4 3 2 9 40
90 29 73 88 13 21 28 22 74 34 87 24 49 68 50 17 78 0 15 44 91 18 12 50 28 52 54 27 3 80 49 70 32 45 44 82 4 89 30 91 5 8 23 79 1 29 30 25 6 74 16 74 64 12 66 80 4 42 8 73 3 66 9 4 0 61 54 58 61 48 56 91 21 30 79 8 53 67 97 47
75 71 15 74 57 27 39 74 52 62 85 29 72 63 88 64 16 89 0 73 75 6 29 74 10 92 64 45 62 40 75 13 1 66 20 0 38 93 28 10 65 90 93 14 13 5 56 35 19 33 60 30 0 100 26 29 23 96 9 15 97 72 37 9 13 48 11 7 52 0 35 7 19 4 71 84 82 88 93 14
61 9 24 53 66 60 49 88 18 11 86 34 53 67 47 25 91 62 11 0 6 75 20 48 91 45 17 63 14 23 74 0 40 30 91 49 15 72 77 34 0 35 9 2 56 14 77 77 16 92 3 44 19 12 67 100 55 73 18 84 66 4 77 2 35 88 94 12 91 87 41 50 80 73 42 98 32 57 100 4
28 53 75 89 16 42 45 1 27 37 89 90 99 94 95 54 98 76 89 88 0 88 35 89 42 54 27 45 46 53 98 33 52 53 5 62 20 71 68 7 20 67 39 0 55 62 48 17 5 41 76 84 62 32 56 64 20 84 57 86 69 91 84 94 60 36 77 30 82 39 56 36 62 57 43 58 9 3 40 9
82 53 4 70 71 66 59 62 33 7 45 95 25 41 55 52 83 83 55 20 37 0 65 28 15 61 35 1 57 77 40 37 24 99 99 22 9 65 98 76 2 17 90 73 79 30 89 67 78 3 36 13 51 96 34 3 44 67 45 90 65 89 67 51 47 83 15 18 56 29 77 11 92 51 21 11 5 40 6 62
21 70 73 86 68 34 62 11 22 73 97 9 35 19 84 47 16 46 29 95 4 60 0 55 7 88 2 67 1 29 39 46 8 25 13 73 10 12 9 11 52 24 16 44 76 20 34 74 37 37 23 11 44 4 84 54 40 83 48 41 28 55 12 62 23 87 50 72 75 50 60 84 41 73 28 57 63 10 94 100
90 92 44 12 54 90 63 12 1 50 13 66 80 51 63 99 72 100 40 35 56 37 74 0 55 60 17 73 76 49 8 9 95 62 64 8 80 37 0 96 54 62 74 24 86 96 90 56 83 75 7 8 28 74 94 23 8 36 35 27 35 62 65 80 54 49 17 80 71 24 2 52 5 64 91 81 66 92 24 18
50 86 41 90 29 96 97 19 76 88 33 44 79 9 25 54 65 31 6 30 49 33 85 89 0 31 16 4 15 29 17 86 88 31 81 63 83 100 98 71 57 12 64 91 75 76 6 70 85 33 32 6 9 5 44 41 46 44 37 59 58 58 57 42 98 35 82 48 41 23 34 62 10 67 47 27 19 41 99 100
96 76 89 21 23 48 39 55 21 96 80 17 26 100 86 72 24 99 66 47 18 37 11 26 30 0 88 57 17 22 71 56 12 10 14 95 22 100 25 6 100 74 73 35 93 7 44 45 86 21 38 72 64 91 54 62 1 42 82 51 59 4 86 28 25 57 45 15 65 94 72 100 12 88 21 74 19 51 11 73
4 19 72 49 83 87 83 92 69 17 15 76 2 74 16 31 92 31 82 6 11 55 40 19 6 98 0 4 30 57 43 87 25 74 46 78 77 67 31 2 66 55 66 80 36 31 16 9 0 10 20 47 0 92 78 77 24 13 90 37 38 42 65 27 52 54 9 1 87 5 87 15 25 63 87 7 72 76 80 84
43 69 5 84 77 21 15 93 63 100 15 70 33 0 28 40 86 73 42 46 65 54 51 24 42 6 93 0 9 99 17 41 44 73 24 83 20 74 53 79 16 82 91 58 18 40 71 23 77 32 7 48 86 37 32 89 60 63 19 32 37 88 71 0 76 22 40 61 97 1 10 55 5 37 68 18 100 75 35 22
92 81 6 36 94 78 79 60 78 50 67 45 86 3 11 13 84 48 90 82 3 74 12 7 36 57 34 28 0 0 25 90 17 5 50 66 34 39 78 84 43 86 78 70 58 3 13 30 73 98 21 59 47 20 75 26 57 94 25 23 53 56 75 30 46 5 72 93 24 15 68 36 78 64 24 99 2 97 26 63
52 80 46 66 93 32 61 99 57 69 54 80 63 19 49 60 74 24 76 45 26 60 42 45 19 61 15 40 27 0 59 3 34 59 77 57 31 35 42 70 18 58 5 70 74 74 33 38 15 72 44 65 30 96 42 69 46 13 79 52 79 20 16 8 21 44 85 99 18 91 10 29 37 22 16 73 87 63 71 79
62 63 95 27 89 37 90 81 14 45 30 11 30 72 90 96 24 68 92 27 2 3 50 50 33 30 3 9 4 80 0 95 45 97 39 7 20 7 85 0 79 19 15 23 22 52 25 76 10 23 20 9 31 29 80 78 36 28 49 22 48 58 73 94 1 55 15 14 25 50 76 56 13 79 48 19 20 56 47 30
11 85 7 35 83 48 51 28 28 57 38 90 55 76 22 18 17 83 68 66 20 1 3 7 38 41 65 96 56 32 66 0 75 13 71 49 96 31 62 12 96 24 36 16 40 34 31 67 57 41 86 46 81 32 76 13 57 37 12 54 28 35 91 10 84 58 100 35 64 18 41 99 3 95 32 93 45 70 13 97
44 44 51 31 10 52 43 78 18 71 20 56 70 5 95 56 98 9 21 17 69 100 70 21 52 86 14 60 57 17 24 5 0 72 37 60 91 43 13 15 15 66 51 48 43 99 25 10 80 81 4 91 30 51 31 95 6 48 85 72 59 25 60 39 85 17 85 55 76 65 32 90 77 79 82 44 88 11 20 18
11 23 38 3 96 33 69 83 47 12 77 51 52 68 66 51 22 33 0 88 72 75 34 37 16 35 89 59 61 56 66 3 21 0 4 10 92 95 65 12 64 99 72 81 42 76 97 27 100 31 56 39 21 82 41 52 90 39 92 24 45 88 6 83 41 58 27 34 100 37 44 6 13 25 88 60 40 15 33 99
51 61 45 35 56 91 27 18 83 49 75 19 15 45 95 67 70 8 23 25 38 71 51 93 57 1 65 67 96 21 43 92 30 38 0 58 66 81 13 21 35 66 29 14 17 1 33 50 6 46 83 69 57 41 45 20 80 28 46 77 90 36 7 77 53 82 19 19 72 4 34 85 32 11 66 98 6 2 39 89
70 99 45 47 43 64 73 40 26 74 18 48 92 51 2 2 12 11 75 37 14 2 48 21 51 70 100 12 24 92 64 10 81 74 34 0 93 90 44 66 69 93 65 30 51 33 13 77 84 11 80 8 32 9 98 68 66 3 14 37 31 37 44 85 27 99 30 65 26 20 99 37 28 66 93 94 57 42 21 50
42 24 81 21 72 6 55 1 40 33 25 21 20 77 14 69 37 37 46 72 73 97 99 67 55 92 8 15 43 66 33 69 2 16 99 86 0 1 64 100 87 79 43 80 53 27 44 36 41 12 20 85 68 75 82 54 98 24 41 68 20 61 57 8 72 69 1 89 87 56 66 67 83 48 58 51 62 28 64 63
73 59 91 16 31 56 7 37 62 44 0 30 99 18 3 80 97 16 37 72 99 59 76 95 3 0 24 34 13 28 87 48 35 13 56 66 97 0 4 57 91 68 43 4 2 66 0 22 0 40 86 52 8 46 61 79 57 54 28 12 47 62 12 86 88 19 79 98 64 3 66 13 82 98 70 65 63 15 59 22
50 57 96 69 68 29 22 20 49 22 75 50 86 78 71 45 8 8 33 90 56 32 22 14 78 95 60 30 47 89 70 78 40 10 63 95 60 45 0 64 23 44 32 10 27 30 100 20 54 50 76 65 51 68 53 24 46 61 96 94 61 94 100 100 65 96 19 98 25 6 38 40 89 57 43 39 33 57 99 78
65 53 92 48 41 48 20 86 45 15 44 91 69 38 5 32 96 15 71 32 64 23 38 3 27 21 36 22 33 86 70 89 75 96 23 20 36 22 52 0 36 97 74 86 58 12 3 40 10 31 19 84 30 36 23 12 90 54 81 86 7 52 87 67 39 34 71 32 1 73 5 62 71 72 53 76 28 8 83 38
14 81 11 74 96 37 77 36 54 29 33 78 56 72 27 12 50 55 41 79 44 2 8 83 31 30 38 20 39 54 31 74 87 58 51 96 88 47 77 68 0 32 40 17 35 17 47 64 51 11 0 27 85 73 61 92 0 13 65 55 72 40 21 55 16 93 37 14 99 96 11 33 6 88 6 39 44 22 82 20
30 13 45 62 99 81 60 14 14 35 55 63 86 68 19 13 86 12 22 24 12 52 24 87 22 39 68 27 28 81 90 98 34 74 72 59 57 63 54 81 72 0 85 16 38 85 5 56 42 38 82 68 40 89 64 86 96 60 63 70 13 0 42 14 13 71 30 79 64 98 63 90 37 91 30 9 66 20 94 46
86 14 58 76 39 48 47 28 62 96 81 96 21 42 96 57 38 18 87 35 10 55 14 7 13 45 60 37 34 47 61 98 67 78 86 12 58 90 12 82 71 98 0 18 13 55 7 26 39 13 36 43 68 26 18 58 55 36 94 89 7 59 11 87 82 25 76 79 97 13 23 51 49 80 10 72 15 88 72 30
59 43 43 83 59 92 37 15 63 50 13 29 41 78 73 26 1 18 13 71 21 92 43 94 34 18 50 71 33 68 70 57 1 21 94 87 47 55 1 41 55 84 15 0 67 44 49 31 52 69 88 94 97 76 23 74 50 86 71 59 16 81 85 82 55 85 45 62 97 90 52 66 12 97 11 22 16 63 85 18
36 94 21 55 100 69 50 57 3 51 48 53 91 82 12 94 0 1 46 93 49 3 70 6 20 40 15 22 31 69 93 24 74 37 59 74 51 82 9 68 67 62 12 11 0 75 31 74 33 84 97 35 17 80 69 46 79 70 57 11 71 36 64 55 81 16 49 19 67 7 31 98 10 24 75 7 64 57 87 97
100 3 90 69 14 19 2 66 13 79 98 60 44 94 17 51 10 47 70 97 81 35 23 75 82 90 62 14 86 83 64 74 25 68 1 81 99 24 52 87 54 39 31 2 43 0 44 5 99 32 73 3 77 67 87 97 97 16 99 97 22 29 46 20 76 35 48 96 20 92 22 96 6 7 90 66 67 96 90 39
84 54 0 67 22 20 85 86 98 72 59 65 2 71 12 18 48 93 37 23 12 72 93 88 65 75 8 36 41 96 66 2 12 25 56 27 34 14 10 62 10 88 71 39 51 7 0 47 69 14 48 49 1 42 85 19 29 34 27 32 98 36 45 8 55 31 67 15 30 32 76 51 4 28 96 28 66 50 21 99
2 39 16 75 14 69 21 77 49 65 11 79 71 5 87 8 13 94 87 71 82 69 99 15 80 39 76 50 83 63 23 49 5 24 73 0 68 84 41 60 91 41 26 46 35 49 32 0 13 93 85 51 19 2 18 61 48 91 7 87 37 91 5 70 14 65 29 76 84 58 71 49 81 14 52 5 7 77 38 33
34 72 8 18 63 58 35 47 49 19 100 90 32 72 50 92 96 71 86 56 72 11 49 81 43 10 69 16 3 71 21 5 55 94 13 58 62 72 76 79 57 54 17 5 51 63 98 85 0 90 63 96 18 48 21 100 77 47 80 18 70 98 69 51 5 33 2 92 61 11 12 47 29 69 61 95 13 40 13 75
49 31 12 1 90 39 60 82 17 77 70 7 83 19 78 85 87 10 76 14 67 98 86 37 36 91 23 25 73 48 63 26 74 4 3 8 33 98 26 92 35 21 50 31 58 75 2 49 12 0 54 95 56 19 75 16 53 8 33 85 72 66 90 48 91 55 56 7 78 54 97 80 16 94 99 84 13 34 39 17
58 42 52 18 79 28 41 68 99 11 21 55 23 68 14 11 41 1 48 73 61 17 52 49 71 2 28 67 71 3 73 0 4 77 60 32 41 74 92 2 76 72 100 33 7 40 15 1 50 89 0 99 27 33 34 76 22 60 90 88 70 34 27 4 34 76 66 27 69 20 22 17 54 98 11 9 73 16 6 47
27 47 55 98 20 54 51 84 67 91 21 79 42 100 8 91 26 70 10 22 50 70 15 42 5 49 24 26 65 29 4 9 68 27 91 73 14 50 21 83 57 61 95 79 67 84 6 13 13 84 70 0 61 65 77 33 96 60 0 67 51 45 46 62 71 23 30 94 45 64 100 56 96 19 66 62 56 91 12 47
32 98 72 10 65 20 40 92 100 96 89 7 51 66 27 57 13 21 33 28 21 62 91 21 71 65 11 45 95 76 0 54 65 86 78 85 24 42 92 3 3 10 36 33 9 49 26 40 14 20 14 58 0 64 37 78 16 66 5 57 81 39 43 74 12 44 87 70 42 64 72 25 60 33 33 84 20 6 33 23
77 29 65 82 79 0 62 50 20 28 54 75 16 42 34 29 96 66 4 61 8 88 58 59 29 49 48 97 36 94 10 80 31 31 5 77 69 6 29 4 28 62 44 27 28 2 2 76 12 68 39 44 79 0 80 34 30 7 35 62 12 40 71 36 60 7 12 45 1 7 97 74 45 51 40 5 13 11 15 50
16 57 9 66 94 75 88 98 65 91 46 48 32 56 44 94 100 69 62 4 30 3 85 11 19 35 51 1 63 27 85 73 48 72 4 15 95 90 3 0 7 68 40 26 47 52 27 88 41 84 33 83 11 34 0 19 75 66 79 97 36 24 100 20 91 98 69 33 8 18 34 47 68 98 19 97 88 86 53 96
50 34 61 63 20 35 61 44 87 45 100 100 16 83 76 76 48 56 65 38 93 66 90 99 98 55 31 13 25 76 74 80 63 55 81 47 91 72 90 30 30 68 39 71 98 94 42 15 24 45 36 61 69 45 98 0 22 7 46 81 97 11 14 81 59 58 86 1 0 45 4 75 56 89 20 68 100 62 30 92
38 76 96 32 13 62 16 59 15 78 53 45 98 93 40 70 34 18 40 34 1 43 37 93 75 18 5 5 85 75 66 21 78 94 60 14 0 50 28 39 24 46 94 7 40 97 44 34 14 0 27 60 57 99 60 35 0 53 41 23 39 14 42 22 70 61 61 66 15 87 25 30 95 74 84 100 94 29 25 20
23 44 40 10 4 66 91 27 18 46 31 83 62 64 6 41 25 16 94 83 87 67 78 35 46 59 54 61 38 56 63 73 64 99 79 53 87 48 68 13 58 53 18 91 60 69 98 67 13 57 51 32 91 70 54 44 12 0 42 41 17 77 83 50 25 37 48 69 54 45 90 31 35 77 19 72 92 9 83 39
73 68 34 81 35 90 55 20 48 71 97 92 74 18 73 19 40 48 91 42 11 11 74 11 88 94 40 16 58 7 7 13 71 33 42 53 35 91 70 35 90 31 91 68 52 99 69 50 17 8 67 4 72 82 21 20 54 78 0 90 17 88 65 8 46 87 32 29 3 83 51 33 11 97 46 59 38 100 82 85
23 35 50 2 3 79 93 60 99 95 35 71 79 63 5 31 22 42 86 23 75 43 99 98 11 75 3 47 18 96 72 78 40 77 93 40 63 93 37 76 30 29 88 94 85 43 62 78 43 90 78 1 40 17 92 51 23 44 90 0 92 43 41 64 55 84 35 4 94 58 45 57 77 3 94 11 19 16 100 91
28 84 93 49 66 45 47 60 50 75 59 80 10 63 56 93 52 27 34 17 59 43 78 10 3 69 51 51 100 96 12 33 47 99 39 47 70 25 56 87 22 89 49 18 97 61 5 79 14 82 77 94 44 1 64 81 33 94 1 73 0 17 36 9 2 1 95 99 88 9 36 53 30 41 93 3 72 48 60 3
58 36 2 28 8 91 32 93 29 20 40 83 92 12 96 17 50 52 64 41 71 43 77 92 90 71 9 27 80 6 49 56 21 81 51 66 55 13 85 78 87 9 83 31 89 80 77 68 20 45 94 51 8 88 35 74 0 54 81 87 61 0 49 90 76 20 60 12 98 5 86 73 76 59 39 71 36 98 62 44
78 61 50 2 91 68 7 2 92 31 80 93 31 50 48 25 61 72 43 92 66 70 94 32 52 81 34 18 4 34 99 78 68 29 16 12 56 30 13 52 3 87 42 92 71 50 81 3 48 65 98 56 94 11 80 48 66 12 6 1 26 99 0 2 66 79 91 3 53 49 40 49 23 99 22 73 36 100 24 54
29 66 6 38 24 48 74 52 64 71 77 56 88 2 93 16 93 85 94 71 70 86 60 100 44 45 10 97 23 0 59 72 88 20 78 4 99 65 1 46 28 29 75 62 70 14 51 7 44 96 62 71 22 73 35 17 82 98 41 58 69 27 65 0 55 87 60 51 49 75 10 43 52 88 94 98 4 96 35 94
45 6 71 46 1 75 10 33 24 95 19 93 70 35 81 36 77 42 38 81 49 65 43 41 39 56 94 5 99 87 50 49 67 28 89 75 47 19 72 23 75 3 98 24 54 79 76 52 21 59 99 37 56 51 28 54 58 20 66 88 51 10 77 67 0 96 67 93 97 32 58 31 5 11 54 66 86 74 61 69
13 69 26 55 67 68 64 66 20 16 6 1 35 86 38 9 8 23 86 13 60 86 40 18 22 11 92 77 79 12 50 85 64 52 83 19 31 27 8 78 22 49 40 76 30 22 33 13 91 76 9 62 63 37 45 89 8 84 19 93 31 92 26 34 78 0 82 79 0 96 67 50 20 26 81 47 67 30 49 100
87 52 82 51 70 68 29 18 31 58 83 76 2 93 50 29 56 57 49 7 84 76 36 5 30 13 0 50 36 49 34 100 34 2 86 97 20 24 36 22 77 13 49 11 63 95 61 68 86 8 50 56 29 65 2 50 31 59 79 24 17 99 96 30 19 16 0 59 43 77 18 83 43 30 14 94 17 78 84 24
20 6 49 16 20 59 43 92 64 87 72 99 58 38 77 74 29 98 82 15 28 70 35 83 67 23 44 40 14 15 83 17 42 69 33 10 97 74 87 20 41 64 87 85 42 70 73 39 50 20 91 82 56 49 33 45 62 33 50 71 58 39 90 40 51 25 54 0 94 70 0 39 65 61 53 22 95 29 51 26
16 90 85 56 80 91 22 88 49 34 52 21 54 54 27 10 66 36 51 14 77 90 42 34 16 87 14 40 8 14 70 83 62 3 20 80 11 17 50 0 74 46 24 34 11 20 30 96 89 40 78 24 73 23 83 81 65 16 95 59 99 15 10 97 50 71 25 93 0 35 57 65 31 33 45 69 52 87 54 71
14 68 85 19 61 95 12 65 55 69 25 65 51 92 18 73 98 28 17 10 74 70 7 11 91 64 24 3 21 98 75 15 94 68 45 92 24 77 97 36 10 13 69 85 95 54 6 65 75 83 79 73 11 52 21 95 67 93 16 78 17 42 70 16 63 84 40 98 19 0 0 29 82 35 98 61 11 71 35 30
42 6 10 26 60 82 33 96 67 45 87 10 85 43 6 0 53 15 27 62 26 67 65 25 76 9 85 19 26 23 31 100 54 6 65 60 46 19 52 55 96 40 100 42 82 31 32 87 33 67 86 19 52 82 42 47 50 29 96 73 10 6 82 59 63 23 36 16 87 62 0 4 52 17 53 4 14 34 66 40
98 75 15 56 84 21 54 2 14 80 90 0 56 26 94 70 52 1 98 98 34 38 18 53 72 21 68 74 7 5 36 85 14 100 65 3 59 75 2 29 61 38 70 36 59 64 89 89 41 59 68 99 29 48 16 26 20 81 48 26 78 30 34 38 25 52 2 4 75 72 41 0 81 90 70 18 32 79 59 51
46 10 89 38 72 96 19 70 35 100 75 18 16 24 77 33 9 5 79 36 15 58 23 5 98 18 37 51 54 84 14 80 30 22 20 52 95 80 24 51 27 61 82 37 63 4 6 91 31 47 53 91 20 33 35 92 18 34 45 42 7 97 20 13 20 12 67 72 97 41 60 52 0 22 58 53 28 60 76 67
22 54 82 13 66 15 34 80 4 63 56 66 56 82 75 62 22 68 76 63 74 2 35 100 88 92 5 100 22 14 53 31 16 79 59 26 43 52 61 17 100 70 83 16 20 80 70 95 7 18 13 72 68 7 14 30 30 6 28 40 45 61 4 36 24 83 28 36 14 57 64 62 77 0 78 9 64 91 72 16
31 22 82 100 27 32 56 79 55 36 79 19 25 24 63 87 6 34 28 81 59 94 37 70 54 95 51 47 52 68 81 79 27 65 27 29 86 98 59 36 45 13 19 59 93 23 18 69 4 8 83 4 72 81 5 39 64 58 14 73 64 16 55 18 69 65 92 58 5 4 43 77 100 29 0 99 13 79 72 97
80 6 51 33 77 42 58 64 25 96 49 45 97 91 96 15 22 78 84 8 6 38 49 100 68 42 37 20 2 94 71 47 54 69 12 11 79 44 56 45 22 15 13 51 60 83 11 13 27 81 100 75 54 85 28 64 99 81 28 24 29 67 46 29 15 100 19 26 97 92 87 45 73 26 81 0 33 82 34 31
97 41 71 98 7 84 98 93 51 98 67 63 89 22 66 74 67 85 47 85 26 95 23 30 88 55 1 63 50 56 30 80 35 61 11 21 56 27 41 23 85 0 78 80 70 88 75 68 2 25 55 85 35 33 14 80 69 56 97 7 1 76 10 89 52 23 1 22 69 91 42 42 61 8 47 27 0 41 46 89
51 25 56 65 84 81 22 23 40 2 47 38 27 44 93 76 8 40 56 12 67 48 92 71 58 7 3 59 34 15 67 22 41 55 82 75 17 4 2 82 97 74 53 65 44 99 89 92 38 41 0 32 68 39 38 64 61 46 2 99 62 98 53 46 52 38 92 70 65 12 71 9 53 47 92 72 8 0 63 15
28 90 0 48 90 1 66 21 89 41 8 79 52 76 28 26 51 88 33 63 97 63 75 3 64 32 33 81 2 58 3 55 75 62 92 49 77 47 16 44 97 68 96 43 10 80 97 38 39 68 30 36 24 85 17 5 100 46 43 77 22 35 28 88 78 82 55 34 17 43 70 36 73 68 46 86 20 35 0 35
30 25 94 64 70 2 80 73 33 71 10 65 14 64 14 62 27 33 44 39 39 40 61 95 26 22 97 82 92 96 33 45 26 71 15 26 59 8 85 23 92 39 69 2 7 56 28 10 72 18 44 17 74 79 48 80 11 22 68 24 90 63 21 78 4 84 65 68 50 93 6 6 50 37 97 57 23 0 83 0
30 25 94 64 70 2 80 73 33 71 10 65 14 64 14 62 27 33 44 39 39 40 61 95 26 22 97 82 92 96 33 45 26 71 15 26 59 8 85 23 92 39 69 2 7 56 28 10 72 18 44 17 74 79 48 80 11 22 68 24 90 63 21 78 4 84 65 68 50 93 6 6 50 37 97 57 23 0 83 0
100
0 39 99 26 53 46 90 81 89 21 4 31 79 31 53 94 11 55 86 89 74 7 72 30 94 83 87 72 27 6 53 23 96 5 92 53 1 60 93 45 20 0 14 60 10 42 37 16 5 23 99 2 71 4 34 98 89 97 61 26 77 98 95 48 54 32 41 97 2 61 91 95 27 45 100 93 20 68 56 17 79 4 57 30 69 12 5 86 94 63 91 2 62 41 92 44 46 6 35 7
12 0 29 89 67 98 53 22 67 37 95 57 12 86 30 93 21 27 28 74 19 81 10 28 81 16 44 90 34 10 17 87 77 38 67 98 13 48 54 86 33 16 85 43 49 25 53 72 3 60 3 7 7 17 15 28 36 94 35 7 2 14 94 100 63 90 52 46 49 60 92 19 56 82 72 43 75 94 48 46 89 65 56 53 20 61 25 89 9 95 15 13 34 91 47 66 64 46 59 95
90 87 0 97 29 20 67 9 67 11 52 30 71 88 48 55 49 11 72 58 39 70 29 9 30 26 92 86 43 54 18 47 2 55 66 20 99 25 31 85 7 50 3 64 32 11 11 71 37 23 22 95 86 88 48 25 57 4 14 7 25 12 10 20 46 17 12 74 58 67 79 36 38 91 38 33 29 0 98 43 59 49 82 37 91 8 25 77 80 77 38 76 50 83 48 63 86 17 58 37
12 24 12 0 56 7 82 98 86 3 2 9 25 26 49 51 93 42 4 83 28 96 46 24 80 11 33 72 22 44 1 97 98 92 39 87 4 59 45 0 73 19 20 75 5 20 11 32 62 86 11 9 56 33 8 98 40 37 39 40 74 50 20 68 71 59 21 64 8 20 39 42 93 58 93 69 65 93 30 81 82 6 91 62 15 35 22 39 13 95 50 34 95 75 49 41 37 63 34 24
63 22 92 69 0 36 59 23 25 21 96 26 93 89 10 74 39 97 8 68 59 30 51 22 23 14 20 30 91 37 28 12 40 49 89 10 73 23 22 71 94 39 57 46 63 30 71 48 57 75 82 38 69 65 61 53 26 73 31 95 63 99 17 55 39 12 18 15 31 82 95 86 97 54 100 95 27 93 93 80 81 53 97 75 1 20 26 73 51 51 98 3 88 40 16 78 85 70 84 54
13 33 15 76 2 0 61 22 8 19 57 87 59 52 15 34 16 75 83 95 87 67 83 28 26 34 81 37 59 13 92 52 13 23 91 75 76 78 68 96 99 97 99 96 97 32 30 41 67 64 69 97 5 66 36 52 77 85 79 23 5 25 93 67 51 70 40 37 77 34 56 76 51 4 41 5 0 90 22 80 29 97 48 61 95 19 7 21 59 7 100 28 5 63 23 88 85 73 100 90
70 97 25 7 78 21 0 99 88 8 70 8 13 38 24 100 9 4 44 9 15 57 51 53 3 52 98 34 64 75 73 49 29 7 87 66 21 70 39 80 67 42 62 5 63 6 70 48 33 45 32 26 94 10 57 100 10 43 65 96 52 95 97 37 24 48 36 81 76 39 77 58 43 6 0 42 85 75 94 81 12 23 51 2 4 90 82 25 78 6 88 67 31 21 90 91 94 56 54 77
85 25 11 40 78 40 80 0 51 77 87 46 63 2 3 87 43 11 0 34 52 7 83 17 64 46 46 98 87 19 68 11 60 91 94 6 24 23 59 73 47 59 95 76 38 88 12 86 4 25 41 90 67 11 54 20 22 23 61 59 44 19 21 34 45 44 87 96 12 13 38 44 44 5 49 97 32 88 70 11 96 61 99 97 61 20 0 12 37 96 48 74 3 7 43 24 52 33 69 90
4 100 77 14 100 70 69 1 0 54 93 37 96 75 95 76 14 77 96 57 3 53 53 88 67 3 84 40 54 47 19 11 45 19 80 30 66 25 59 82 10 65 35 77 41 42 37 31 16 40 98 47 79 61 18 50 24 82 65 77 78 14 54 55 74 55 41 73 32 75 1 7 58 52 90 84 92 63 40 76 99 4 9 46 93 27 22 73 60 16 49 64 37 40 85 51 39 59 44 55
66 51 62 85 69 90 95 64 75 0 61 13 95 54 88 33 59 35 89 21 66 90 0 42 53 9 25 33 47 80 100 60 75 89 42 47 55 86 43 89 17 84 53 67 65 44 91 86 39 49 38 74 20 74 20 2 36 37 67 84 70 96 16 46 78 72 100 98 92 65 96 89 86 55 45 31 85 66 28 100 73 2 62 15 79 31 29 58 50 76 57 59 7 20 63 87 33 97 80 99
32 84 99 84 40 99 49 34 65 17 0 81 58 50 42 23 92 60 38 57 87 64 34 4 66 75 12 100 59 27 51 16 80 84 21 93 0 81 81 37 12 89 97 58 5 31 100 38 20 26 14 97 4 59 82 39 69 24 98 75 43 83 44 47 88 0 15 85 93 32 5 28 70 3 3 87 48 60 15 33 95 43 49 96 64 75 16 53 36 54 50 71 59 42 51 37 43 7 20 74
72 78 77 40 12 50 65 32 73 3 88 0 13 23 7 65 23 64 73 44 12 71 9 45 15 35 31 25 32 36 23 28 18 52 53 11 7 81 85 71 84 14 53 57 78 28 64 97 50 85 29 19 3 82 63 0 36 98 38 43 13 17 25 97 8 91 13 86 49 51 98 93 34 50 73 55 12 37 65 13 14 96 24 96 13 73 26 1 99 64 69 61 98 63 77 97 87 64 59 20
32 2 8 11 30 76 35 42 84 43 52 3 0 35 56 85 91 72 12 36 66 9 88 45 7 80 69 3 74 0 23 38 79 51 77 75 43 36 33 82 22 57 83 19 83 66 41 52 90 47 45 66 52 28 82 61 33 53 46 43 69 4 20 44 55 57 92 15 49 92 48 37 79 73 7 18 69 62 30 43 65 26 52 33 28 16 47 34 35 0 18 86 40 17 7 43 95 60 78 39
98 82 92 14 50 62 72 81 23 28 23 96 47 0 38 53 17 79 82 12 17 87 25 47 83 63 96 50 7 43 16 98 19 32 5 25 29 44 18 76 61 12 62 28 77 19 77 89 88 24 8 76 6 33 26 56 79 88 22 32 51 98 24 40 2 28 80 22 69 34 16 97 8 63 36 26 56 4 40 35 17 78 42 25 24 97 57 35 33 93 47 69 57 88 42 59 15 78 39 99
75 4 78 80 18 25 36 94 18 37 37 80 43 2 0 85 46 41 44 70 29 62 83 78 69 80 3 33 54 21 51 58 29 31 66 28 100 99 19 14 11 38 13 23 95 54 96 93 85 32 83 96 86 38 91 55 78 20 88 0 21 11 32 37 53 68 53 39 61 80 100 29 48 53 17 27 61 15 79 24 2 74 80 28 10 27 55 25 40 66 14 19 73 90 27 86 6 40 99 62
29 58 73 82 85 11 84 10 18 77 64 100 0 92 39 0 5 0 52 47 88 89 43 91 55 46 61 27 57 95 37 87 15 9 69 99 71 43 20 39 50 3 17 93 64 21 60 22 78 44 59 90 62 62 33 16 60 24 79 60 0 95 40 64 89 69 43 99 36 73 89 73 44 96 86 65 25 22 61 16 7 21 87 85 65 90 18 3 81 32 38 38 68 16 10 49 61 22 99 90
27 87 50 26 43 63 53 59 9 63 68 40 22 21 76 80 0 33 58 18 99 45 89 79 72 23 4 82 24 10 0 59 23 57 65 85 91 89 95 83 38 98 52 24 45 75 81 5 87 89 16 66 25 16 79 44 94 85 42 15 12 43 95 37 81 0 19 57 10 25 57 91 40 65 66 66 62 18 79 76 59 25 32 13 55 39 55 27 75 84 81 95 53 79 15 70 78 26 71 98
8 74 39 20 31 16 84 0 36 18 66 48 34 68 38 43 23 0 1 85 71 53 53 87 66 72 39 26 8 1 45 8 38 72 71 15 24 30 82 42 72 35 19 14 23 72 97 14 60 19 42 35 95 79 31 7 79 95 63 82 43 69 60 30 73 87 44 63 94 94 62 30 60 37 61 28 0 75 83 40 66 88 99 42 40 79 2 47 89 78 84 38 11 19 66 51 91 3 18 16
51 90 89 72 8 21 7 98 8 4 50 35 78 67 50 72 24 26 0 14 32 63 94 36 41 39 74 86 69 35 38 27 51 1 41 71 77 63 52 41 66 89 24 39 36 24 54 88 7 75 0 100 81 68 72 26 85 18 73 5 26 70 72 12 33 37 89 66 83 23 21 76 85 48 89 70 11 46 72 80 25 37 100 40 25 67 25 65 60 65 22 40 49 84 66 24 87 87 84 34
97 27 94 75 43 38 94 90 27 85 49 39 47 63 80 6 99 54 46 0 18 14 66 75 47 67 45 2 89 98 68 4 53 73 16 65 36 89 74 60 30 65 58 19 41 61 67 48 99 4 72 23 61 69 4 94 49 8 50 82 22 10 84 31 38 30 79 6 23 2 50 21 2 37 26 35 94 93 87 90 80 28 75 93 65 78 7 4 44 14 17 1 5 77 13 19 46 47 14 59
65 55 62 36 87 28 54 78 70 31 46 72 99 24 0 30 41 21 59 65 0 88 74 44 24 50 66 87 85 61 90 92 12 37 86 38 6 20 13 34 37 92 44 9 69 70 42 83 1 34 38 84 52 10 39 22 20 28 92 67 96 74 91 86 27 61 63 48 4 99 17 56 77 38 61 95 13 17 20 2 69 84 23 3 42 25 43 59 15 2 41 99 79 92 67 44 58 47 87 83
69 61 11 42 16 58 82 53 35 87 16 62 5 15 91 51 2 86 64 54 61 0 52 4 33 91 24 26 45 58 94 51 89 24 16 89 39 38 43 92 11 60 47 65 92 75 50 45 35 95 58 76 33 51 36 52 66 24 93 26 11 29 15 75 37 45 54 58 30 11 74 49 27 84 5 40 3 56 13 92 4 20 54 64 10 63 50 78 22 8 65 60 80 51 39 16 70 80 2 45
57 3 41 40 83 35 39 68 47 52 48 28 87 50 58 37 73 44 91 73 83 30 0 72 57 74 6 17 45 94 78 39 17 55 97 13 7 9 17 96 57 4 24 83 45 43 74 100 50 85 79 9 3 41 38 72 42 80 78 76 74 70 40 70 89 27 6 52 69 47 52 60 5 36 16 43 1 21 60 57 33 13 86 45 27 2 89 96 48 18 4 99 68 3 22 54 57 22 84 72
64 52 99 42 91 11 28 37 58 16 9 62 36 89 83 86 92 37 17 39 40 36 85 0 15 39 68 59 31 79 50 11 15 25 65 39 12 31 35 44 23 63 11 69 49 87 11 27 6 14 59 99 19 49 0 35 80 8 84 65 71 42 88 90 81 69 40 79 73 21 81 14 79 62 83 98 38 24 80 51 78 51 26 51 6 49 78 76 88 3 74 76 5 88 24 100 79 32 49 47
27 43 53 19 54 18 100 53 93 64 27 35 14 88 67 37 26 34 57 57 100 80 46 24 0 81 60 40 80 24 54 26 12 22 38 98 43 83 70 45 15 56 52 25 30 10 33 15 91 42 54 0 8 98 15 38 38 55 100 7 56 40 69 51 46 62 56 71 26 7 55 4 18 40 72 70 33 98 68 69 8 89 9 9 78 92 12 84 30 23 41 98 18 85 86 78 36 44 83 17
29 100 27 65 34 90 10 90 34 14 90 42 71 76 58 25 13 85 41 85 33 63 13 62 86 0 38 24 97 93 83 83 78 28 99 48 57 81 19 13 78 10 35 93 36 5 30 46 15 29 67 23 6 91 85 72 19 25 82 70 95 93 69 24 80 4 86 19 91 94 17 25 3 41 47 94 97 15 53 97 17 4 52 71 5 28 12 89 84 61 7 90 75 7 68 6 8 48 25 43
96 94 55 59 21 84 59 0 0 13 12 46 45 51 53 84 55 74 91 87 31 55 14 91 12 60 0 45 73 39 14 10 51 8 0 1 68 88 95 2 37 11 16 25 19 88 28 93 2 62 24 38 46 94 80 56 44 96 40 83 91 24 61 4 64 65 17 62 48 61 0 85 75 6 58 73 84 77 69 53 38 15 12 74 94 22 36 2 86 6 80 66 37 79 2 97 4 53 8 56
16 45 59 77 97 67 53 25 32 46 32 78 27 75 66 25 14 47 81 28 65 58 88 62 89 13 91 0 36 69 77 45 65 91 78 0 58 91 75 48 62 32 23 98 1 65 84 5 81 52 65 76 88 4 72 23 70 87 85 53 32 68 82 24 67 64 0 59 77 82 53 90 82 92 88 90 3 76 20 40 98 46 97 51 81 75 33 79 32 76 64 9 30 100 84 45 67 71 38 29
7 73 71 9 10 81 99 35 96 96 53 3 49 72 80 10 34 87 86 7 97 82 62 10 30 55 43 38 0 34 4 91 37 56 90 90 71 30 61 2 1 21 87 5 25 28 4 62 33 48 40 23 11 4 46 58 43 41 35 5 3 52 85 43 19 20 35 66 61 28 27 70 5 93 52 58 88 22 64 41 90 77 71 88 68 51 63 66 15 83 27 53 74 96 31 72 85 94 32 20
48 61 38 92 20 2 26 15 95 62 60 89 6 5 80 41 24 91 70 15 53 85 4 45 33 72 52 0 5 0 13 72 95 69 54 90 32 59 86 79 67 16 64 5 19 27 60 40 31 10 87 66 60 7 90 0 24 1 32 73 52 65 2 56 52 76 58 68 78 98 68 13 0 24 80 42 22 71 86 50 95 71 2 26 27 67 47 79 82 55 75 62 51 27 51 30 5 6 36 10
58 18 39 72 76 74 62 3 97 17 42 28 6 27 27 23 89 59 100 73 19 45 94 65 7 31 17 67 83 78 0 69 71 86 94 30 64 70 35 83 62 5 100 73 23 77 11 35 58 63 100 30 69 36 26 43 64 3 80 31 49 81 89 3 73 62 73 98 75 41 16 49 83 17 14 72 16 25 86 67 84 94 94 61 27 55 52 64 71 12 23 86 14 39 54 66 94 11 8 50
62 87 42 2 61 88 49 29 66 52 90 80 23 30 73 17 57 52 6 79 74 72 64 39 22 38 40 24 22 90 45 0 26 95 10 0 95 46 6 2 38 54 0 33 92 94 17 54 77 23 75 54 12 73 74 2 34 80 50 38 81 43 6 46 91 11 22 3 66 53 17 68 1 29 48 81 50 36 51 40 73 22 100 82 9 21 41 62 25 60 74 67 54 4 44 66 98 65 83 79
57 47 31 77 82 100 47 63 59 54 11 31 87 63 7 51 72 25 22 4 5 24 55 38 30 22 17 17 18 51 30 4 0 90 65 62 4 37 7 22 52 100 22 89 55 67 49 46 27 97 38 84 39 40 20 6 70 65 17 78 74 87 60 17 35 9 51 17 29 82 32 32 81 66 36 0 11 53 77 88 23 56 29 36 84 30 37 10 100 36 82 51 56 26 13 15 22 81 75 78
74 47 13 86 66 27 64 34 90 35 83 44 6 80 55 50 30 88 18 31 63 29 69 87 22 78 19 54 68 11 86 11 22 0 88 60 98 56 69 16 0 35 14 45 66 87 45 39 78 68 35 37 66 7 35 87 24 66 21 9 39 26 89 47 16 47 36 86 10 41 53 75 52 98 50 57 12 91 17 35 23 87 10 38 70 78 31 42 17 55 30 100 78 51 67 79 25 100 2 87
2 24 76 14 69 70 42 56 81 24 22 53 67 8 29 9 62 39 38 59 70 52 69 46 97 19 34 10 51 38 34 85 50 46 0 12 99 19 0 35 81 86 61 49 78 4 2 83 3 8 23 29 63 15 24 72 45 12 19 53 58 58 15 90 11 59 27 76 48 25 23 69 35 21 33 64 65 68 75 24 31 60 32 93 95 54 70 99 93 63 16 25 69 46 38 100 3 5 13 64
44 83 58 95 43 22 7 25 9 25 4 57 85 75 6 76 43 43 20 20 23 13 9 91 7 23 24 71 66 21 62 72 62 92 16 0 75 17 66 18 30 79 75 56 73 59 73 82 19 70 40 71 62 98 27 34 97 18 57 95 32 0 74 59 87 71 84 54 96 18 15 81 99 15 38 47 95 22 52 14 29 65 54 26 96 50 48 37 24 51 21 81 46 49 95 83 38 65 55 49
44 86 99 58 59 88 92 58 33 76 80 93 40 52 33 76 45 60 45 75 23 45 48 38 3 68 48 98 48 28 30 74 32 29 27 100 0 27 33 48 94 0 0 27 90 3 5 83 61 22 29 86 83 21 82 63 27 47 67 34 7 24 73 34 86 23 7 53 97 13 50 93 17 46 31 45 58 66 76 37 98 64 12 94 71 99 7 27 27 40 17 32 58 88 3 30 12 4 61 13
76 76 15 32 77 63 94 31 39 64 42 51 18 49 38 47 33 24 19 69 14 81 50 15 39 46 8 57 72 64 47 56 62 25 95 26 52 0 69 58 58 85 42 23 94 86 64 87 100 54 4 54 23 22 16 21 24 33 12 21 42 64 91 91 4 30 45 26 53 3 95 35 50 81 83 50 35 10 40 11 44 69 29 10 55 31 6 15 7 65 60 55 4 17 91 97 92 85 21 72
26 26 17 1 53 49 10 92 59 29 50 34 43 31 95 29 56 57 22 47 60 10 67 13 46 68 55 70 66 0 24 7 7 37 69 21 4 32 0 9 59 30 60 11 48 51 87 13 53 57 42 11 6 68 43 28 60 36 31 2 3 45 89 48 73 31 95 46 84 58 27 19 14 83 47 6 75 7 70 97 8 50 3 29 5 19 63 2 90 70 62 28 57 13 49 51 55 67 26 26
13 87 78 81 36 99 50 63 92 43 95 62 29 84 35 93 84 96 27 29 43 48 91 92 85 47 84 58 20 80 6 23 69 49 2 3 23 3 30 0 0 71 29 11 60 86 88 14 58 72 53 91 53 31 12 94 61 82 31 14 82 15 13 9 46 23 59 34 32 50 77 77 55 75 79 97 80 53 92 79 46 56 71 38 54 13 91 96 41 13 32 73 48 26 71 78 68 24 20 68
45 85 2 18 31 52 67 20 26 28 93 59 78 57 52 16 66 15 20 79 16 38 78 93 69 24 38 56 55 51 25 43 89 59 79 2 95 71 83 97 0 24 63 66 27 27 63 14 16 42 5 95 67 86 61 54 32 1 30 10 12 31 86 41 85 27 79 65 19 81 30 94 97 0 2 17 70 77 17 82 59 34 88 40 99 54 20 67 28 20 7 21 37 63 2 42 69 53 72 56
19 12 41 16 95 41 81 39 31 82 62 77 52 76 19 82 55 80 88 4 4 0 70 21 91 63 40 11 61 87 83 75 7 95 55 89 91 52 11 91 32 0 42 66 78 13 25 68 1 72 61 38 77 25 55 13 31 17 78 29 84 70 58 80 85 69 85 25 90 1 28 8 23 77 77 74 7 40 83 99 8 42 86 28 69 81 93 97 53 58 52 38 65 19 67 10 64 45 46 44
29 90 59 67 60 37 90 20 95 61 47 3 91 35 74 7 31 37 6 79 75 78 91 70 13 4 40 96 88 65 68 74 33 63 45 59 55 59 47 17 16 31 0 47 63 10 50 5 58 77 7 33 52 30 53 50 61 51 11 58 26 95 31 86 48 20 55 8 55 83 79 54 35 36 33 36 19 46 4 98 30 4 27 76 80 66 15 3 18 65 41 64 73 17 11 38 40 84 17 70
39 4 85 21 37 34 10 90 39 36 94 73 48 84 21 83 16 74 36 10 95 33 66 68 2 28 91 63 75 68 61 85 85 75 20 45 52 48 95 20 93 91 48 0 92 57 80 3 24 94 79 84 79 93 98 6 72 25 82 6 54 50 85 48 18 11 58 99 83 58 6 59 80 18 5 24 20 97 3 78 14 76 24 49 68 58 89 22 64 47 24 45 44 31 46 39 56 47 41 83
80 43 13 82 40 81 77 81 74 30 44 66 94 37 16 58 97 71 26 84 30 74 43 23 78 93 32 18 65 14 79 24 63 40 87 92 72 18 78 4 55 70 47 56 0 70 75 80 46 78 98 69 46 69 69 74 75 60 45 28 3 100 98 77 8 70 66 66 92 94 87 32 58 63 38 44 78 37 3 25 7 69 71 63 83 14 70 78 27 5 77 97 20 74 71 77 10 25 79 5
5 98 4 70 50 43 26 8 51 23 19 57 62 74 31 39 76 18 42 52 66 81 45 18 52 26 48 52 41 32 93 26 61 47 60 44 76 83 4 1 44 98 71 66 73 0 57 48 57 8 14 32 20 54 30 6 70 25 76 56 21 81 9 78 3 95 74 99 16 68 68 25 77 79 47 93 62 73 15 80 32 12 2 95 21 37 20 28 29 26 75 12 48 67 49 48 23 74 53 9
30 91 43 93 62 74 88 5 68 29 32 12 3 9 0 24 86 41 64 49 19 48 1 73 50 47 84 15 71 6 10 15 60 47 51 57 25 8 93 71 3 34 0 77 17 89 0 1 71 1 32 81 22 65 67 14 99 58 87 68 74 7 20 82 25 57 87 67 72 66 25 65 15 6 79 22 33 96 86 97 40 63 69 71 99 63 8 98 25 52 96 0 74 83 83 46 53 70 95 89
95 36 32 66 55 29 25 38 53 29 21 90 7 28 52 71 0 44 42 58 82 21 75 5 71 28 35 44 75 91 70 43 15 76 78 94 80 23 5 91 19 52 92 30 29 100 55 0 60 14 100 99 91 94 69 71 41 49 88 65 19 13 42 9 2 64 59 23 22 0 82 45 5 41 3 38 16 22 77 39 93 94 69 13 12 83 11 25 4 0 15 99 9 88 3 61 15 1 44 48
2 72 35 96 24 55 32 90 39 59 96 72 25 41 40 88 10 42 82 26 80 39 8 86 78 58 31 82 1 99 97 59 91 75 63 100 47 91 52 68 14 34 80 60 35 30 20 94 0 100 20 100 77 18 83 38 43 88 71 30 18 99 34 3 73 91 2 88 51 73 57 12 45 43 16 89 0 67 89 60 31 92 29 1 41 99 53 30 89 57 58 37 94 73 64 27 47 85 52 9
58 67 95 26 31 28 51 84 10 51 78 58 29 40 10 27 14 37 55 66 34 48 53 13 86 26 35 7 99 0 60 82 83 93 53 92 85 46 21 67 59 9 13 53 62 95 40 50 6 0 86 27 66 31 76 37 97 90 62 65 58 30 34 61 43 73 61 60 37 61 79 46 62 7 91 32 39 15 70 28 89 26 88 49 70 17 12 40 75 20 82 51 24 27 59 80 43 91 1 34
26 83 46 47 37 58 56 87 50 87 61 31 69 43 100 80 79 15 45 63 44 28 15 4 91 86 22 61 33 8 86 12 74 11 96 60 38 94 61 18 49 9 65 35 27 59 82 78 24 41 0 59 19 92 34 85 3 33 33 81 91 7 31 31 29 31 50 69 99 62 6 56 5 43 12 85 96 83 45 18 18 91 44 41 40 75 15 72 47 59 1 34 94 91 91 82 48 28 39 18
26 92 54 9 3 63 62 77 43 92 35 98 39 51 74 6 43 69 19 72 11 76 17 17 96 2 36 4 40 10 87 58 31 84 33 79 6 93 89 27 38 22 19 55 86 44 59 6 28 43 91 0 30 58 77 99 53 59 23 8 6 49 81 23 10 44 7 68 86 31 57 61 87 38 98 66 96 47 57 19 80 14 88 2 97 26 86 63 6 91 25 55 25 44 12 40 68 45 97 73
74 99 30 1 75 87 47 28 9 31 25 16 57 79 26 78 4 0 37 47 43 8 23 39 26 4 22 49 86 32 67 67 21 51 14 88 97 99 94 90 36 0 68 99 89 83 82 70 47 67 100 32 0 89 52 87 96 9 35 87 54 53 81 63 14 73 88 95 61 29 34 94 2 9 83 17 13 56 100 16 73 84 44 46 79 75 97 28 11 99 99 22 11 75 72 26 52 34 10 7
43 40 71 48 60 72 0 49 23 94 1 41 13 40 44 70 3 63 89 45 3 23 12 64 38 49 84 81 35 81 57 87 95 22 84 51 55 64 40 74 6 64 39 32 68 76 69 57 75 55 99 81 70 0 62 35 34 33 39 93 91 34 10 11 87 24 87 99 32 78 100 31 48 62 1 4 51 44 34 21 22 37 91 94 15 76 38 41 84 61 20 87 42 75 87 23 42 48 2 51
27 80 63 82 43 37 25 63 31 20 25 84 81 81 77 68 18 84 9 28 57 16 0 92 40 59 40 13 49 59 7 46 69 37 81 94 56 49 4 19 7 57 42 41 8 46 20 21 25 94 81 38 69 18 0 25 32 10 18 55 79 13 61 32 56 31 96 99 57 89 48 24 53 1 90 34 92 68 88 71 85 83 30 29 68 27 23 83 64 2 52 16 97 58 1 33 63 16 38 30
83 72 82 76 69 86 64 45 26 10 30 68 27 14 14 4 10 86 42 74 69 46 51 30 21 87 2 77 67 67 22 93 59 77 67 44 78 43 88 100 75 9 78 20 73 38 22 50 27 22 51 2 7 2 86 0 22 44 70 67 97 44 22 37 45 28 12 51 1 33 48 91 79 63 51 50 81 24 7 28 78 88 24 74 51 91 86 17 91 63 89 69 16 24 18 76 93 50 32 3
5 10 55 0 79 25 9 78 87 15 39 57 37 60 17 68 58 67 62 77 59 75 42 93 36 63 45 32 58 36 24 46 89 71 5 90 4 55 19 65 52 37 84 32 48 8 81 48 78 26 29 98 36 45 41 45 0 59 67 48 33 1 88 81 91 13 49 77 71 70 23 60 54 42 100 5 51 10 38 28 63 41 28 98 68 85 18 22 70 23 88 12 91 86 23 86 97 68 15 0
13 41 30 26 84 77 80 40 86 48 33 99 18 91 5 92 72 36 27 50 86 62 54 54 0 93 36 93 79 48 78 3 7 13 40 18 34 56 15 26 34 86 61 24 12 56 82 17 58 52 12 71 53 57 90 48 30 0 88 39 40 28 9 76 98 83 26 76 47 91 29 0 74 14 99 98 49 8 36 26 70 98 94 60 46 51 20 19 41 89 12 72 36 78 7 71 49 9 73 3
64 27 43 52 17 39 88 95 74 6 81 87 20 19 33 80 2 22 72 91 0 96 96 30 58 54 30 76 51 10 27 67 5 97 69 85 25 6 31 99 23 74 81 37 88 74 11 48 24 56 71 44 2 19 16 77 80 89 0 42 60 70 86 99 44 16 97 91 1 17 64 48 88 16 30 71 45 91 100 95 53 8 10 11 16 59 32 79 80 8 19 69 94 40 27 27 54 8 26 80
69 36 51 43 87 24 32 21 50 50 22 2 87 54 63 0 13 23 13 71 15 34 85 65 63 87 79 54 6 64 31 75 46 81 65 52 66 68 72 83 55 4 32 10 54 93 92 24 38 25 47 47 79 20 86 80 17 0 48 0 53 54 26 9 9 80 23 83 93 51 62 14 60 41 4 40 38 16 50 61 52 62 88 71 25 23 34 39 82 81 89 95 92 26 13 73 30 14 19 85
11 73 51 1 61 95 73 90 37 49 98 19 46 16 62 53 94 22 10 87 70 29 40 32 54 41 68 24 44 73 92 70 1 29 15 90 57 46 50 65 62 43 96 94 78 16 16 94 90 28 93 87 36 11 94 83 71 4 99 74 0 19 57 10 80 53 42 98 75 7 78 55 0 23 82 30 10 66 73 75 66 76 97 17 40 82 40 73 88 16 81 49 46 38 70 28 75 25 25 79
16 87 25 38 74 60 41 97 15 10 56 3 45 69 18 2 77 14 66 74 16 80 26 91 9 14 7 31 93 27 81 25 97 12 9 65 85 96 50 42 90 96 67 55 75 21 76 79 28 73 19 86 51 88 82 82 99 68 18 42 72 0 51 15 70 27 93 100 94 18 71 1 23 45 27 78 28 86 20 35 24 15 80 63 47 1 35 92 95 43 2 47 55 38 79 21 95 52 99 23
79 42 9 45 93 19 63 59 24 47 90 24 100 5 18 12 34 68 11 3 65 71 19 83 81 85 8 75 74 0 74 25 34 96 38 24 19 74 20 6 67 4 36 71 95 66 24 28 54 28 22 74 76 3 9 57 45 8 0 33 73 92 0 61 81 45 50 64 38 84 0 0 18 16 21 76 79 28 42 66 37 50 61 49 65 38 74 77 95 55 55 3 19 26 91 54 95 51 98 17
11 89 22 88 5 12 29 84 65 92 8 6 24 64 70 37 77 47 87 33 89 93 58 34 29 83 43 23 100 91 9 72 75 55 68 75 1 84 17 23 60 79 69 65 83 92 91 54 63 72 5 23 99 40 20 66 89 39 85 59 5 72 89 0 37 18 11 53 65 52 2 3 24 39 18 29 10 2 57 87 6 31 79 91 27 70 74 94 75 50 52 0 37 55 16 63 91 81 86 74
72 77 8 35 62 30 53 65 20 25 47 95 68 18 65 9 71 46 77 63 4 100 46 22 70 46 25 4 36 30 92 65 81 65 21 82 82 73 95 71 93 42 46 56 25 43 14 77 90 12 61 45 76 9 64 91 26 72 72 53 82 45 57 51 0 72 15 15 50 14 48 44 100 31 44 36 7 93 14 0 32 19 39 59 28 84 11 74 71 47 34 64 47 92 79 59 35 60 62 98
97 87 72 18 12 86 90 10 13 42 44 60 1 67 25 11 30 76 94 84 49 7 72 6 46 36 99 65 98 28 53 38 57 95 88 15 2 12 78 11 51 71 86 53 17 53 8 80 61 51 43 83 88 34 79 33 4 6 33 55 49 86 33 16 45 0 88 48 40 67 90 92 62 99 56 73 57 52 80 37 54 44 97 13 51 68 15 53 51 22 20 0 12 100 36 25 46 17 64 16
29 37 18 33 30 67 96 88 27 77 88 26 26 17 49 72 77 9 72 87 6 91 15 99 44 95 33 42 3 84 29 92 17 5 93 68 86 43 15 0 75 56 63 43 52 83 44 77 12 57 71 26 28 65 38 62 98 96 89 53 95 32 76 48 30 14 0 86 65 77 42 74 75 6 91 13 73 99 32 88 54 34 13 20 58 100 5 15 44 19 14 48 53 37 22 71 86 2 42 44
62 74 8 94 62 12 4 33 57 45 27 96 0 61 90 1 45 25 90 97 43 11 65 57 6 12 24 36 47 100 3 12 51 97 15 68 93 85 13 48 81 42 26 93 82 80 15 61 80 40 87 44 76 70 87 51 71 78 86 95 93 82 72 21 27 36 27 0 41 13 81 67 49 31 84 95 98 62 45 30 54 92 77 58 4 65 58 74 82 52 79 100 39 29 30 34 85 25 24 68
31 25 12 53 40 33 20 11 40 33 39 6 49 24 86 45 69 70 9 7 59 63 92 99 43 19 34 64 93 17 10 25 60 78 67 98 47 81 97 36 68 39 10 82 39 53 29 32 25 88 29 29 93 44 47 35 73 82 47 26 52 19 12 18 20 60 28 25 0 71 17 75 40 37 32 81 56 19 13 51 60 45 54 85 31 59 53 80 88 77 42 95 4 89 14 13 78 82 38 74
93 71 92 99 64 11 83 15 67 96 86 11 18 22 28 72 26 42 6 45 72 90 95 1 1 49 7 15 53 8 56 0 94 15 57 37 10 57 4 43 92 59 53 22 75 62 96 97 89 17 71 94 13 20 82 44 79 19 20 84 46 82 10 3 30 55 34 76 100 0 92 22 45 61 75 33 43 83 56 0 59 56 91 27 65 91 26 70 74 94 36 24 76 19 29 40 99 79 82 25
75 41 69 78 90 37 93 3 19 37 57 40 50 74 6 59 77 56 83 94 29 13 56 64 81 77 21 34 42 11 19 17 96 6 51 73 56 71 84 79 7 87 51 15 78 7 54 78 61 40 100 3 97 12 86 27 39 13 6 60 73 87 92 93 22 95 39 50 88 52 0 24 58 77 28 28 65 7 85 9 57 5 98 54 8 38 92 77 57 14 17 50 7 11 60 67 74 36 97 50
26 79 46 8 51 11 75 94 60 93 66 93 33 20 50 8 28 5 18 92 89 90 29 46 1 52 19 45 65 72 8 65 99 39 48 7 85 92 91 99 1 18 34 10 1 87 21 43 70 95 97 77 13 38 20 77 36 13 29 23 48 51 54 19 51 38 23 24 6 6 75 0 2 39 39 77 66 66 25 47 86 94 96 69 62 23 58 100 83 99 48 51 45 64 48 24 0 19 53 2
85 49 2 95 10 26 100 19 2 9 28 19 85 17 98 85 58 19 5 96 70 46 51 45 18 11 49 58 70 43 6 84 69 94 94 92 100 47 69 74 52 14 6 0 12 5 21 29 15 76 59 7 39 54 68 44 97 72 24 50 94 82 61 13 45 4 89 63 93 62 100 81 0 98 65 77 57 46 37 87 90 24 22 67 23 11 8 30 1 69 78 58 4 73 64 43 7 59 74 46
47 34 76 94 24 10 79 41 58 56 53 77 7 29 84 47 77 71 77 62 37 6 62 76 54 73 48 79 78 83 94 19 66 2 30 11 82 48 41 44 82 14 81 31 21 3 51 15 35 15 89 81 68 26 71 88 14 64 90 76 37 98 58 20 3 23 80 45 14 97 69 19 40 0 91 20 95 5 57 18 47 56 21 14 71 59 55 26 100 87 80 66 34 99 28 46 84 7 77 76
44 8 95 75 31 73 33 29 41 1 55 72 11 13 90 45 81 29 57 47 27 51 43 4 75 20 84 55 23 4 4 95 64 23 96 28 28 94 57 89 67 64 79 29 8 56 47 9 100 69 55 49 96 86 53 67 8 91 33 87 85 35 100 94 100 14 70 80 81 64 51 81 30 22 0 26 65 27 80 6 25 91 44 96 39 39 97 21 86 75 81 65 97 50 93 37 94 21 43 23
9 95 40 32 76 71 14 19 30 88 24 83 23 63 89 30 61 97 82 38 3 32 73 75 72 51 33 88 62 73 76 32 29 83 45 4 58 76 20 93 78 25 27 36 59 86 43 15 86 90 56 51 35 18 97 38 58 32 71 16 15 69 69 93 39 0 53 64 51 3 54 53 37 52 35 0 58 69 50 81 72 11 72 75 69 96 43 52 95 12 66 31 94 84 64 41 95 49 43 1
54 20 90 91 70 69 77 13 26 18 55 73 55 7 29 81 67 95 85 44 45 9 75 14 70 40 85 45 94 91 37 50 97 68 82 34 69 78 0 38 0 28 51 18 7 2 69 42 97 99 5 71 37 41 27 15 39 80 75 8 9 92 57 10 82 58 30 66 95 47 68 5 26 39 46 59 0 26 86 74 50 77 83 95 58 56 26 87 83 69 17 20 100 65 63 14 92 16 35 91
56 35 23 24 82 62 49 43 2 75 5 56 74 31 56 100 84 1 37 32 89 17 87 60 9 61 98 14 89 97 30 48 31 56 92 91 82 10 50 26 71 2 65 17 16 61 91 28 22 98 98 6 87 54 22 84 79 13 88 37 11 75 22 74 93 25 23 47 74 49 59 66 59 83 71 9 31 0 66 92 82 36 99 81 85 89 8 72 25 98 80 60 53 94 61 62 56 24 98 69
34 87 41 10 81 14 23 74 25 94 27 66 67 96 14 12 76 34 24 53 50 27 100 68 33 14 82 58 73 9 8 0 25 53 3 37 43 62 3 31 100 16 71 19 97 79 71 72 74 33 62 25 22 81 90 4 60 81 16 76 80 43 13 33 39 30 63 23 82 16 25 74 69 26 5 30 53 66 0 99 81 79 13 84 80 37 42 14 89 62 99 22 79 5 12 78 50 71 64 86
38 89 70 31 42 3 83 85 56 88 15 61 72 86 59 100 1 67 83 93 29 30 31 91 25 0 16 62 40 86 88 73 12 85 50 9 64 25 48 47 24 20 66 71 89 61 50 99 49 64 5 48 24 30 97 75 43 57 66 7 81 39 60 70 25 86 25 91 6 64 96 0 46 99 90 34 100 40 28 0 49 33 67 65 79 65 56 74 17 38 88 94 69 97 3 11 33 63 77 83
100 80 40 7 19 58 70 26 21 40 50 77 55 57 36 52 27 20 82 91 85 22 89 29 37 25 2 45 14 30 3 16 89 49 67 47 89 59 90 100 25 92 55 35 57 28 77 63 55 70 35 30 50 18 7 30 21 31 33 92 66 28 50 22 17 51 41 63 88 37 26 89 34 23 92 48 74 55 61 49 0 46 28 2 30 67 83 0 58 23 64 12 14 58 27 22 7 100 80 48
0 92 8 90 84 1 94 35 38 16 87 42 39 71 28 62 93 45 47 11 88 74 37 25 39 95 14 23 92 21 99 10 75 56 17 67 86 4 71 60 21 47 23 24 26 18 25 12 91 58 4 4 53 100 52 11 75 71 1 31 29 27 11 94 57 95 79 49 86 93 9 71 32 14 40 38 33 81 65 60 45 0 1 46 6 45 54 95 99 0 38 77 13 34 76 64 99 98 3 25
56 100 63 30 55 61 69 42 79 92 82 16 5 100 84 18 50 0 74 16 59 40 60 91 39 25 7 51 15 65 30 48 26 98 46 96 85 45 54 92 87 18 31 38 55 89 68 93 1 41 40 16 61 51 71 24 54 53 59 3 86 78 73 0 71 5 60 3 0 11 86 26 27 91 87 54 74 71 86 63 9 80 0 28 55 99 14 87 87 75 30 8 45 16 68 28 51 60 44 68
27 34 96 76 95 67 20 6 32 91 79 68 66 95 62 93 0 24 23 20 23 11 79 90 54 84 58 20 48 100 98 4 19 92 61 67 78 97 73 83 17 17 31 83 48 52 44 98 79 76 38 67 95 10 75 92 51 2 62 36 22 15 3 96 38 97 67 35 28 69 14 56 57 53 15 76 7 43 67 45 34 91 45 0 93 47 45 64 17 42 86 13 99 39 70 54 23 67 5 52
96 6 29 93 99 4 35 53 83 58 55 54 51 91 95 40 86 83 14 1 43 6 86 34 52 0 52 47 9 41 7 90 42 24 59 96 26 95 63 71 37 25 18 54 86 65 78 80 38 50 21 78 24 63 13 27 49 36 8 19 42 100 54 89 27 26 96 76 22 20 44 29 31 99 25 59 92 0 48 22 78 78 85 8 0 29 13 29 64 57 50 22 79 64 98 3 91 35 29 1
96 14 68 43 72 87 89 14 4 25 27 32 7 52 5 96 22 70 55 12 90 71 77 86 32 71 37 18 5 71 77 97 51 70 55 3 24 19 32 66 45 16 40 82 80 27 6 8 5 28 9 53 35 4 100 9 70 87 63 31 5 18 96 6 26 53 56 48 87 37 29 78 14 66 91 97 50 68 62 77 78 51 49 41 85 0 80 66 34 78 40 94 17 89 26 52 11 71 91 43
41 50 14 60 56 34 94 67 30 4 3 9 9 93 4 66 49 56 50 5 57 67 74 70 87 4 80 3 25 64 58 30 12 5 87 96 52 58 98 63 57 81 27 85 9 63 29 89 96 44 45 82 90 9 1 39 54 5 54 7 69 32 91 96 94 61 46 89 30 94 29 65 50 80 88 3 44 40 84 88 49 86 42 62 54 0 0 89 74 54 7 0 43 88 89 96 31 46 38 19
14 79 91 45 34 85 95 81 47 27 67 68 69 59 96 72 95 64 51 14 16 29 89 22 85 26 40 23 7 36 32 89 65 80 7 48 98 52 58 54 94 39 98 18 9 67 77 13 75 61 7 93 2 68 68 42 33 71 34 50 14 22 82 76 1 50 69 28 89 93 49 70 58 99 98 2 79 27 34 8 69 72 67 18 25 77 51 0 10 21 5 78 87 54 27 35 97 14 62 4
70 97 21 2 21 82 23 29 30 32 47 74 34 70 55 88 11 77 78 90 77 87 6 42 21 96 72 46 46 75 30 65 56 35 86 73 96 100 55 96 67 46 92 20 62 63 36 90 5 64 2 84 56 65 74 60 23 89 69 11 17 98 66 86 41 96 89 28 73 84 9 10 6 95 64 46 59 31 38 61 23 11 43 74 97 38 95 55 0 17 37 52 79 80 23 33 34 44 72 90
59 60 57 14 30 9 9 46 42 56 23 30 37 0 63 100 9 5 77 7 91 2 74 58 5 60 22 67 78 23 34 85 70 6 81 44 80 79 63 91 96 51 94 11 36 88 65 79 31 36 57 97 36 17 57 75 28 33 70 58 70 23 2 14 86 53 63 84 62 47 35 79 49 49 76 71 27 98 75 15 8 94 44 23 30 3 63 5 4 0 55 77 10 0 66 47 89 34 71 56
31 71 41 35 41 24 14 41 19 27 22 2 92 61 83 22 41 0 71 76 94 62 49 57 59 3 60 59 56 63 55 76 20 55 61 51 12 21 32 93 2 94 73 49 49 36 52 62 43 88 74 9 60 69 11 83 93 53 15 89 88 22 22 95 97 6 76 35 74 45 90 44 24 96 78 26 52 76 12 12 48 26 8 62 50 1 51 11 98 62 0 35 79 67 97 4 88 69 0 48
100 1 98 93 96 38 29 3 24 99 90 72 16 100 87 61 36 56 20 68 32 21 44 72 20 71 49 67 62 51 2 23 49 5 6 96 98 61 42 13 65 89 24 22 2 26 100 43 95 58 29 48 58 100 42 30 84 64 5 11 43 4 76 86 96 95 67 35 16 19 32 84 92 17 86 79 100 46 78 49 34 4 33 44 5 67 83 95 43 73 87 0 27 21 69 15 87 82 37 71
3 87 47 44 45 60 95 58 49 49 57 45 4 45 89 26 77 65 3 45 97 27 87 4 99 62 71 45 64 82 26 94 61 36 26 84 10 98 29 14 30 3 12 86 58 77 64 82 73 34 54 91 29 78 47 22 22 44 43 23 61 0 15 77 8 30 43 29 20 87 47 6 52 60 40 12 34 72 40 30 13 1 68 54 37 69 10 47 47 66 7 71 0 90 43 36 32 91 61 40
12 33 96 96 56 11 68 57 36 74 35 60 98 53 20 31 63 50 10 72 91 74 52 31 35 52 21 52 100 78 64 7 14 62 9 71 50 24 94 24 76 72 26 69 86 29 34 24 80 35 66 23 6 18 35 75 69 65 32 61 63 50 79 30 4 3 79 40 19 50 88 53 17 43 29 13 75 81 76 87 15 78 10 66 21 40 55 30 50 11 26 31 3 0 14 44 19 83 72 84
17 85 40 99 97 72 64 80 8 93 53 6 85 93 13 52 47 74 69 30 36 70 77 28 89 72 77 40 46 12 76 41 79 53 1 27 13 91 53 93 65 38 72 76 21 73 14 81 60 51 1 16 3 85 62 48 99 84 87 90 74 59 90 18 42 30 35 5 31 5 53 35 72 76 47 75 86 4 69 18 24 25 27 5 59 68 82 63 55 23 4 9 88 17 0 33 78 70 76 2
43 15 89 36 84 65 33 1 87 75 72 54 34 89 10 28 26 48 20 97 44 40 43 37 71 80 82 28 100 63 89 72 56 34 38 29 77 45 92 90 83 97 17 99 93 17 55 89 47 26 75 67 69 47 23 82 8 44 74 0 69 43 47 42 80 74 5 68 62 30 61 52 42 34 11 25 59 18 34 83 53 94 97 17 70 96 94 0 90 81 70 1 23 60 36 0 98 12 56 13
1 27 98 90 88 29 22 25 49 44 26 72 28 69 49 95 46 40 96 46 61 41 59 60 18 33 84 32 84 51 5 28 94 17 84 33 22 10 46 95 72 66 70 28 90 17 29 94 56 84 49 19 97 21 9 96 24 13 95 83 63 60 34 70 6 39 79 12 57 63 88 18 17 53 3 97 79 19 15 79 15 72 18 51 43 7 64 12 44 45 9 12 67 4 28 51 0 36 66 4
10 30 6 18 24 12 36 89 80 96 44 44 37 7 24 75 73 66 89 56 89 41 74 87 9 58 42 77 14 43 20 37 15 77 83 52 51 27 38 7 74 6 25 64 27 84 56 21 60 20 23 3 41 1 41 22 24 75 5 60 53 51 5 63 46 71 84 64 75 0 86 28 18 91 10 56 16 99 97 81 46 64 66 60 0 18 28 61 58 64 56 5 10 40 26 0 8 0 48 30
56 3 34 71 0 46 29 76 50 17 58 1 23 93 50 9 41 63 37 76 36 36 2 92 67 80 27 88 99 2 58 62 59 35 39 6 3 100 60 45 38 99 66 86 74 95 19 14 96 2 3 93 46 75 28 55 42 63 1 100 87 47 91 68 85 47 60 30 65 21 68 51 41 41 49 13 16 74 85 26 55 70 84 12 98 81 40 2 56 5 29 64 86 83 66 12 31 38 0 88
88 29 31 89 60 47 19 92 61 35 43 13 19 85 78 73 67 39 40 66 82 19 66 43 1 84 85 8 52 90 5 45 80 90 80 6 92 45 73 34 1 81 59 60 4 44 88 90 64 86 92 69 51 8 80 64 38 44 20 21 5 97 77 23 97 15 58 95 5 48 76 11 31 27 33 11 36 96 98 96 41 74 18 76 63 100 57 84 52 38 77 60 2 82 71 89 51 22 73 0
88 29 31 89 60 47 19 92 61 35 43 13 19 85 78 73 67 39 40 66 82 19 66 43 1 84 85 8 52 90 5 45 80 90 80 6 92 45 73 34 1 81 59 60 4 44 88 90 64 86 92 69 51 8 80 64 38 44 20 21 5 97 77 23 97 15 58 95 5 48 76 11 31 27 33 11 36 96 98 96 41 74 18 76 63 100 57 84 52 38 77 60 2 82 71 89 51 22 73 0
