35
0 20 18 9 0 4 4 10 6 1 14 11 20 1 16 13 7 3 11 15 5 20 5 1 7 7 11 18 17 18 19 19 4 1 13
15 0 19 5 0 19 9 1 18 9 7 15 0 1 8 18 11 17 2 11 0 16 1 5 4 18 5 2 19 2 2 11 8 4 7
20 18 0 7 18 12 5 12 13 2 10 9 15 6 19 18 10 12 14 9 9 15 12 6 13 13 2 10 19 15 17 4 8 8 15
16 8 5 0 8 3 10 10 4 18 3 19 3 14 1 20 15 20 4 8 7 2 5 15 2 3 12 11 14 7 1 2 2 0 14
1 7 13 6 0 11 18 1 15 19 16 4 12 20 6 0 5 1 18 17 4 12 20 10 10 15 9 10 6 10 4 9 4 19 9
14 11 13 8 5 0 8 0 14 15 8 8 10 20 7 6 13 19 0 9 19 11 14 6 17 14 19 20 3 0 18 5 16 20 14
5 4 12 7 7 6 0 16 3 5 1 13 3 9 10 1 5 18 12 0 20 6 6 16 7 14 2 14 9 3 11 18 2 2 9
13 7 13 19 20 14 13 0 5 10 0 9 0 2 13 19 9 19 4 18 16 12 18 13 19 2 12 2 0 5 17 15 13 3 14
7 14 11 19 10 0 1 6 0 16 16 13 14 9 13 2 17 1 20 16 17 15 1 16 0 17 19 2 5 10 19 10 5 1 13
19 2 10 11 17 2 16 16 0 0 4 3 6 12 15 19 15 10 14 5 4 10 7 15 15 18 6 19 12 14 0 12 5 9 3
10 8 7 19 4 2 8 11 6 10 0 16 8 2 7 12 12 0 7 13 16 13 2 13 9 16 4 8 10 18 7 9 13 12 6
5 7 20 15 20 12 2 17 12 10 4 0 8 14 10 15 16 6 2 3 9 8 7 7 9 3 14 3 1 8 4 15 18 16 6
3 20 19 4 0 8 12 13 5 20 10 14 0 8 14 15 15 9 12 0 0 15 18 9 14 16 17 5 6 14 20 10 8 11 2
7 7 11 4 10 15 12 17 0 3 17 11 2 0 2 11 16 0 1 3 5 18 13 9 8 10 0 7 16 16 11 13 5 15 10
1 14 9 7 0 9 18 7 18 3 15 17 6 8 0 2 17 17 11 5 6 11 17 12 17 9 0 2 15 14 8 14 11 7 9
6 4 18 7 0 18 20 11 7 5 20 4 9 20 6 0 20 0 6 7 8 17 12 17 20 13 2 7 12 12 13 12 13 8 1
20 4 7 13 18 5 20 16 17 17 19 12 5 8 7 13 0 7 20 20 8 13 3 14 3 4 8 3 2 16 15 6 16 17 11
16 8 5 5 11 9 9 8 6 0 8 12 11 13 16 5 18 0 9 9 0 4 5 0 8 4 16 19 15 6 15 0 7 11 7
13 11 20 8 4 3 20 19 18 13 17 14 8 2 15 10 12 4 0 10 10 1 8 15 11 10 1 4 2 7 3 6 3 19 7
11 18 6 6 16 9 10 7 13 5 14 13 1 10 8 12 15 10 9 0 1 3 16 2 7 16 7 4 17 2 8 4 18 20 12
11 2 9 7 19 16 6 9 5 4 18 17 18 1 18 18 3 1 9 9 0 18 9 8 17 10 10 19 14 5 7 10 3 4 17
8 13 3 20 8 19 7 5 15 0 20 16 2 12 4 20 4 16 1 4 4 0 4 15 0 15 13 18 17 15 9 10 14 16 20
5 13 7 1 1 14 16 6 11 19 8 14 16 8 19 10 0 19 12 19 17 10 0 5 19 8 13 0 13 0 14 5 20 9 4
9 6 3 18 1 5 9 18 3 20 6 9 20 14 19 13 15 17 13 7 18 8 0 0 12 6 17 10 14 16 1 15 8 7 13
4 13 0 2 13 17 19 18 10 4 12 0 6 14 16 0 20 2 0 1 16 15 1 0 0 7 19 17 1 14 5 11 16 7 6
10 10 13 19 12 20 7 14 4 4 5 10 16 2 10 20 4 2 14 13 2 11 12 16 15 0 7 15 4 14 1 10 7 15 16
8 8 11 14 6 1 2 3 3 14 20 9 4 18 16 7 1 15 5 18 1 17 19 2 17 20 0 4 7 9 20 8 12 2 4
7 12 0 2 12 14 7 6 9 5 19 6 5 7 7 1 12 7 3 20 17 14 1 1 17 9 8 0 3 14 11 8 16 13 14
14 12 3 19 4 9 1 19 12 10 2 1 18 11 19 14 3 10 5 11 4 2 13 11 11 20 1 8 0 0 14 14 7 3 16
7 10 1 5 16 18 3 16 18 3 8 2 13 4 0 14 16 17 19 15 11 10 5 8 14 19 6 6 18 0 0 4 8 7 17
1 6 11 7 16 17 1 2 16 16 3 6 20 10 2 15 19 1 19 9 18 8 19 16 12 12 1 8 3 17 0 7 9 20 3
18 7 15 2 9 19 17 9 3 0 20 1 11 19 13 3 5 0 9 8 5 8 16 9 11 4 8 9 10 3 3 0 11 17 7
7 8 12 17 6 2 20 5 2 18 15 6 9 9 19 0 9 0 4 1 9 20 2 9 7 8 13 2 4 1 6 1 0 11 2
5 19 6 11 6 11 3 19 0 12 3 16 12 17 3 18 6 2 6 2 7 20 3 1 18 9 9 19 1 19 10 18 3 0 14
7 8 13 1 5 9 17 20 5 12 11 12 4 5 7 8 0 15 11 7 7 1 18 19 11 18 13 5 18 8 12 8 17 14 0
40
0 8 6 7 7 8 14 0 4 9 5 19 15 7 11 5 17 17 12 0 20 11 13 20 14 12 4 8 0 18 12 2 14 20 7 4 1 1 3 3
17 0 14 11 6 16 11 3 18 16 15 14 5 10 0 15 6 20 16 12 10 7 18 12 5 12 19 9 7 0 17 17 20 18 19 0 17 7 18 12
17 6 0 18 14 4 16 15 17 9 5 19 13 3 13 3 4 4 13 15 12 11 7 16 1 14 13 5 20 12 5 6 18 6 15 1 19 10 13 11
15 17 13 0 0 11 11 7 2 19 12 0 17 1 20 9 4 2 17 3 6 6 17 9 1 17 9 11 19 8 1 17 6 11 9 4 7 1 4 16
2 17 11 12 0 11 18 12 4 4 11 10 1 0 6 10 16 5 14 2 8 8 17 0 12 18 20 13 8 16 15 7 17 4 6 9 19 1 0 6
11 9 8 20 19 0 8 6 0 7 14 12 10 17 4 3 6 19 3 4 11 2 15 12 3 15 0 11 14 1 13 14 11 0 15 14 3 17 15 11
1 2 20 2 12 9 0 2 14 4 1 12 0 5 11 6 14 16 17 11 11 0 2 14 2 10 1 16 9 3 20 4 9 8 12 14 9 15 19 8
6 15 14 8 8 13 8 0 18 18 8 4 14 11 5 5 0 14 11 1 13 8 2 6 19 4 3 3 17 2 5 13 18 5 14 11 1 7 17 18
10 6 7 17 11 2 16 3 0 3 5 8 5 2 20 1 11 15 0 4 7 8 5 5 13 9 15 6 2 3 0 8 5 3 15 7 15 2 8 3
15 3 14 14 18 2 2 20 4 0 1 4 17 13 20 2 1 6 16 2 20 11 6 19 6 20 16 14 1 14 9 9 11 4 3 7 8 9 9 4
10 12 11 16 17 7 16 14 18 18 0 5 14 13 0 9 16 11 4 6 5 10 14 5 11 20 11 10 20 19 15 11 14 19 3 6 20 3 10 6
5 18 18 13 6 20 2 4 7 18 19 0 10 16 16 3 5 18 20 2 14 14 2 8 16 2 11 16 14 7 1 19 8 17 5 14 16 6 12 11
2 17 12 9 15 8 17 10 15 5 10 0 0 7 4 5 10 15 4 17 20 15 17 7 15 15 3 18 7 8 5 12 4 8 4 15 15 15 1 11
2 12 8 8 1 6 10 5 3 18 7 10 6 0 12 0 4 17 3 16 18 20 10 20 10 3 5 12 11 17 12 15 20 10 2 10 8 11 9 12
6 16 11 4 1 17 3 18 17 4 17 13 17 6 0 10 3 1 5 3 13 3 14 15 18 20 18 3 6 1 8 17 9 14 16 8 8 20 12 15
13 0 17 4 18 7 7 19 10 1 7 1 13 17 15 0 18 3 4 3 11 0 6 8 1 2 20 10 8 11 0 8 6 5 17 14 7 17 14 6
9 10 4 9 6 14 0 17 13 19 7 19 16 10 16 2 0 1 2 14 1 2 16 7 0 0 4 0 17 3 17 19 0 3 13 4 9 17 7 20
20 8 2 11 13 18 4 7 0 18 15 20 10 11 16 8 19 0 10 20 17 13 0 16 11 13 19 5 8 20 3 18 8 8 20 10 19 7 14 9
10 19 15 4 0 13 16 16 12 2 3 3 16 3 18 4 3 8 0 6 19 6 3 13 15 7 19 14 18 0 11 10 15 3 20 14 5 8 9 11
20 3 8 7 17 2 4 17 14 3 12 0 6 1 18 7 19 9 5 0 15 18 17 17 1 5 15 15 10 3 6 13 11 4 6 14 14 1 9 2
13 4 4 15 12 15 5 0 19 20 7 13 0 3 10 3 14 7 17 9 0 12 16 11 9 14 11 12 19 3 7 9 18 18 18 17 14 9 19 17
14 10 16 10 3 20 4 19 10 18 11 3 19 1 4 16 15 1 15 15 8 0 6 7 12 4 8 2 12 19 1 9 12 3 11 18 4 0 14 1
0 17 1 19 6 3 16 8 0 19 13 14 2 12 3 6 2 20 15 14 14 5 0 10 8 20 0 4 3 5 17 1 2 8 16 15 2 1 10 18
2 13 8 10 4 4 20 13 4 18 7 9 0 11 13 11 3 3 20 3 2 12 8 0 16 13 8 10 19 8 17 13 2 18 18 12 12 20 1 0
20 10 2 8 12 8 4 9 13 8 6 10 6 13 4 2 2 15 17 5 6 9 7 4 0 18 11 14 10 0 4 10 9 6 12 11 3 15 9 13
2 1 0 10 14 12 18 15 11 19 2 11 17 19 18 12 19 3 17 12 3 8 11 17 14 0 7 14 3 13 14 10 2 14 16 15 12 17 15 19
15 20 19 1 14 10 15 2 13 14 16 9 20 11 19 0 4 17 15 14 2 9 19 8 15 1 0 17 1 5 7 16 4 11 12 18 9 14 1 8
8 17 4 11 19 16 17 6 18 3 7 12 16 4 2 7 10 15 8 3 14 13 19 0 2 16 5 0 17 10 7 9 2 14 6 2 18 8 2 2
20 18 19 0 18 4 12 0 2 15 19 0 3 13 5 17 6 13 14 8 11 13 14 11 2 18 0 1 0 19 0 5 8 6 5 9 1 4 14 10
8 11 11 19 14 14 0 5 16 7 6 16 17 11 11 19 14 9 16 7 0 8 2 13 17 8 12 0 20 0 7 2 2 0 8 14 19 11 6 0
13 2 16 11 1 4 9 6 11 2 0 8 8 12 11 1 6 2 16 7 0 1 16 11 16 2 14 9 15 15 0 12 6 17 14 7 6 12 5 1
11 13 1 16 19 10 6 17 2 18 16 17 6 3 10 12 4 19 18 14 15 14 17 9 5 0 15 20 6 20 16 0 10 1 15 7 13 19 17 17
17 12 9 1 17 0 20 11 13 2 5 14 4 1 20 6 2 17 2 9 16 16 4 7 20 2 15 1 15 1 20 10 0 11 19 8 16 4 6 13
18 0 9 7 17 15 7 1 15 0 19 9 17 4 4 7 17 12 6 5 16 6 16 17 2 14 20 0 5 20 20 12 1 0 15 19 13 10 7 20
16 3 4 17 3 0 7 15 8 5 2 1 3 4 4 11 10 0 5 9 16 16 10 15 7 7 15 6 15 20 4 7 8 3 0 0 17 5 5 17
7 1 5 20 5 6 1 8 1 17 18 3 10 3 5 4 6 12 19 16 15 20 12 14 14 14 11 10 9 15 5 11 7 12 0 0 12 20 4 14
9 1 8 3 11 2 9 13 14 18 13 12 19 0 16 3 3 2 14 12 16 4 10 14 7 16 5 3 17 3 18 4 17 8 9 12 0 5 1 16
13 8 4 5 1 12 11 7 6 16 20 3 13 3 4 20 6 12 8 12 2 6 2 6 2 11 20 6 3 14 13 4 7 11 1 18 15 0 8 3
4 8 19 19 6 2 0 18 10 19 6 6 20 15 0 20 11 7 20 2 12 16 12 6 13 3 9 17 8 2 7 1 6 3 6 10 6 20 0 12
16 0 2 14 20 3 5 20 20 6 10 9 17 13 11 0 4 1 10 12 10 20 12 17 5 8 18 11 3 19 20 3 7 16 4 10 0 6 4 0
