10
0 14 4 4 9 17 6 15 18 6
18 0 19 0 15 2 20 0 19 20
19 4 0 8 1 2 13 16 18 13
13 5 18 0 6 10 20 20 18 0
4 18 1 3 0 18 10 15 11 3
17 11 5 10 16 0 14 14 3 16
7 1 4 3 10 18 0 11 12 14
11 17 2 8 12 19 13 0 12 17
13 11 6 6 15 15 16 6 0 11
18 11 4 9 6 13 16 8 1 0
20
0 6 17 14 16 16 0 9 5 1 14 11 11 18 20 20 20 9 20 15
8 0 16 18 9 10 9 14 18 0 4 15 15 17 17 10 2 18 4 14
2 12 0 13 15 10 7 10 3 10 10 17 8 2 7 7 1 1 4 9
3 5 20 0 20 9 16 10 5 13 1 17 19 0 19 14 1 1 2 8
2 15 16 0 0 20 17 8 2 17 0 0 5 0 8 17 1 0 0 3
5 14 12 12 11 0 6 12 5 11 12 8 1 20 7 6 9 6 9 7
13 1 12 12 7 2 0 7 13 0 12 8 7 0 4 13 1 16 6 0
16 19 3 19 14 4 4 0 0 14 8 10 4 0 12 16 20 12 13 3
14 11 3 3 2 18 4 20 0 0 2 6 6 8 12 8 11 4 1 18
9 20 7 9 11 17 8 5 2 0 16 20 9 15 5 10 4 7 8 14
1 17 13 18 2 13 5 8 10 12 0 8 18 15 1 13 17 19 6 12
5 6 19 4 19 15 14 12 16 0 2 0 17 2 11 18 17 12 9 17
2 8 14 4 19 5 6 12 14 9 14 7 0 17 10 19 4 8 9 10
3 10 16 5 4 2 0 14 0 1 7 19 20 0 5 18 1 0 0 4
14 9 7 13 16 11 18 12 8 9 17 20 1 16 0 17 10 16 2 0
11 7 4 8 1 7 17 5 3 5 17 15 5 16 4 0 16 11 4 14
20 9 7 2 14 11 20 0 8 13 20 11 8 14 16 16 0 6 0 5
1 19 3 2 6 12 4 3 11 3 17 4 11 2 11 14 14 0 9 19
14 13 11 3 6 18 5 19 3 2 4 16 13 16 0 4 1 8 0 10
11 15 19 14 3 2 2 12 16 6 0 16 12 5 17 11 7 18 0 0
